47,3
10,86
10,175
10,87
10,26
10,273
10,138
10,103
10,168
11,24
11,14
11,20
11,19
9,6
9,4
8,8
8,16
8,4
8,5
8,15
12,2
12,1
12,3
20,2
19,2
19,1
19,3
47,261
47,260
47,259
47,258
47,257
47,256
47,255
47,254
47,253
47,252
47,251
47,250
47,249
47,248
47,247
47,246
47,245
47,244
47,243
47,242
47,241
47,240
47,239
47,238
47,237
47,236
47,235
47,234
47,233
47,232
47,231
47,230
47,229
47,228
47,227
47,226
47,225
47,224
47,223
47,222
47,221
47,220
47,219
47,218
47,217
47,216
47,215
47,214
47,213
47,212
47,211
47,210
47,209
47,208
47,207
47,206
47,205
47,204
47,203
47,202
47,201
47,200
47,199
47,198
47,197
47,196
47,195
47,194
47,1
20,1
20,3
11,29
11,23
11,12
11,8
11,6
